              precision    recall  f1-score   support

       T1001       1.00      1.00      1.00        20
       T1003       0.47      0.85      0.61        20
       T1005       1.00      1.00      1.00        20
       T1006       1.00      1.00      1.00        20
       T1007       0.95      1.00      0.98        20
       T1010       1.00      1.00      1.00        20
       T1012       1.00      1.00      1.00        20
       T1014       0.95      0.95      0.95        20
       T1016       0.35      0.80      0.48        20
       T1018       1.00      0.35      0.52        20
       T1020       1.00      1.00      1.00        20
       T1021       1.00      0.95      0.97        20
       T1025       1.00      1.00      1.00        20
       T1027       0.94      0.80      0.86        20
       T1030       0.95      1.00      0.98        20
       T1033       1.00      0.95      0.97        20
       T1036       0.80      1.00      0.89        20
       T1037       1.00      0.85      0.92        20
       T1039       1.00      0.95      0.97        20
       T1040       1.00      1.00      1.00        20
       T1041       1.00      1.00      1.00        20
       T1046       1.00      0.90      0.95        20
       T1047       1.00      1.00      1.00        20
       T1048       0.85      0.85      0.85        20
       T1049       1.00      1.00      1.00        20
       T1053       1.00      0.80      0.89        20
       T1055       0.79      0.75      0.77        20
       T1056       1.00      1.00      1.00        20
       T1057       1.00      0.90      0.95        20
       T1059       0.71      0.50      0.59        20
       T1069       1.00      0.70      0.82        20
       T1070       0.86      0.60      0.71        20
       T1071       0.89      0.80      0.84        20
       T1072       1.00      1.00      1.00        20
       T1074       1.00      1.00      1.00        20
       T1078       0.95      0.90      0.92        20
       T1082       0.92      0.55      0.69        20
       T1083       0.95      0.90      0.92        20
       T1087       0.47      0.90      0.62        20
       T1090       1.00      0.85      0.92        20
       T1091       1.00      1.00      1.00        20
       T1095       0.95      1.00      0.98        20
       T1098       0.85      0.85      0.85        20
       T1105       0.74      0.70      0.72        20
       T1106       0.95      0.95      0.95        20
       T1110       1.00      0.95      0.97        20
       T1112       0.67      0.90      0.77        20
       T1113       0.95      1.00      0.98        20
       T1114       1.00      0.90      0.95        20
       T1115       1.00      1.00      1.00        20
       T1119       1.00      1.00      1.00        20
       T1120       1.00      1.00      1.00        20
       T1123       1.00      0.80      0.89        20
       T1124       1.00      1.00      1.00        20
       T1125       0.83      1.00      0.91        20
       T1127       1.00      0.65      0.79        20
       T1129       0.33      1.00      0.50        20
       T1132       1.00      1.00      1.00        20
       T1133       1.00      1.00      1.00        20
       T1134       1.00      1.00      1.00        20
       T1135       1.00      0.90      0.95        20
       T1136       0.86      0.95      0.90        20
       T1137       1.00      1.00      1.00        20
       T1140       1.00      1.00      1.00        20
       T1176       1.00      1.00      1.00        20
       T1187       1.00      0.95      0.97        20
       T1195       1.00      1.00      1.00        20
       T1197       1.00      0.95      0.97        20
       T1201       1.00      1.00      1.00        20
       T1202       1.00      1.00      1.00        20
       T1204       0.70      0.70      0.70        20
       T1207       1.00      1.00      1.00        20
       T1216       1.00      1.00      1.00        20
       T1217       1.00      1.00      1.00        20
       T1218       0.82      0.45      0.58        20
       T1219       0.91      1.00      0.95        20
       T1220       0.50      0.85      0.63        20
       T1221       1.00      0.95      0.97        20
       T1222       1.00      0.80      0.89        20
       T1482       0.74      1.00      0.85        20
       T1484       1.00      1.00      1.00        20
       T1485       0.90      0.95      0.93        20
       T1486       0.91      1.00      0.95        20
       T1489       0.95      1.00      0.98        20
       T1490       1.00      0.90      0.95        20
       T1491       1.00      1.00      1.00        20
       T1496       1.00      1.00      1.00        20
       T1497       1.00      0.90      0.95        20
       T1505       1.00      0.95      0.97        20
       T1518       0.91      1.00      0.95        20
       T1526       1.00      1.00      1.00        20
       T1528       1.00      1.00      1.00        20
       T1529       1.00      0.95      0.97        20
       T1530       1.00      1.00      1.00        20
       T1531       1.00      1.00      1.00        20
       T1539       1.00      1.00      1.00        20
       T1542       1.00      1.00      1.00        20
       T1543       0.95      1.00      0.98        20
       T1546       0.65      0.55      0.59        20
       T1547       0.67      0.70      0.68        20
       T1548       0.92      0.55      0.69        20
       T1550       0.77      0.50      0.61        20
       T1552       0.85      0.55      0.67        20
       T1553       0.95      0.95      0.95        20
       T1555       0.82      0.70      0.76        20
       T1556       1.00      1.00      1.00        20
       T1557       1.00      1.00      1.00        20
       T1558       1.00      0.95      0.97        20
       T1559       1.00      1.00      1.00        20
       T1560       0.95      0.90      0.92        20
       T1562       0.79      0.55      0.65        20
       T1563       1.00      1.00      1.00        20
       T1564       0.82      0.70      0.76        20
       T1566       0.94      0.85      0.89        20
       T1567       1.00      0.95      0.97        20
       T1569       0.95      0.95      0.95        20
       T1570       1.00      1.00      1.00        20
       T1571       1.00      0.55      0.71        20
       T1572       0.90      0.90      0.90        20
       T1573       1.00      1.00      1.00        20
       T1574       1.00      0.90      0.95        20
       T1578       1.00      1.00      1.00        20
       T1580       1.00      1.00      1.00        20
       T1592       1.00      1.00      1.00        20
       T1595       1.00      1.00      1.00        20
       T1606       1.00      1.00      1.00        20
       T1609       1.00      1.00      1.00        20
       T1610       1.00      1.00      1.00        20
       T1611       1.00      1.00      1.00        20
       T1612       0.95      1.00      0.98        20
       T1613       0.95      1.00      0.98        20
       T1614       0.85      0.85      0.85        20
       T1615       1.00      1.00      1.00        20
       T1619       1.00      1.00      1.00        20
       T1620       1.00      1.00      1.00        20
       T1622       1.00      1.00      1.00        20
       T1648       1.00      1.00      1.00        20
       T1649       1.00      1.00      1.00        20
       T1651       1.00      1.00      1.00        20
       T1652       0.95      1.00      0.98        20
       T1654       1.00      1.00      1.00        20

    accuracy                           0.91      2820
   macro avg       0.94      0.91      0.92      2820
weighted avg       0.94      0.91      0.92      2820
