              precision    recall  f1-score   support

        None       0.00      0.00      0.00         0
       T1001       1.00      1.00      1.00         7
       T1003       1.00      0.86      0.92         7
       T1005       1.00      1.00      1.00        12
       T1006       1.00      1.00      1.00         8
       T1007       0.89      1.00      0.94         8
       T1010       1.00      1.00      1.00        10
       T1012       1.00      1.00      1.00         7
       T1014       1.00      1.00      1.00         2
       T1016       0.56      0.67      0.61        15
       T1018       1.00      1.00      1.00         8
       T1020       1.00      1.00      1.00         5
       T1021       1.00      1.00      1.00        10
       T1025       1.00      1.00      1.00        15
       T1027       0.92      0.92      0.92        12
       T1030       1.00      1.00      1.00         9
       T1033       1.00      0.94      0.97        16
       T1036       0.64      1.00      0.78         9
       T1037       1.00      0.82      0.90        11
       T1039       1.00      1.00      1.00        11
       T1040       1.00      1.00      1.00         8
       T1041       1.00      1.00      1.00        18
       T1046       1.00      0.80      0.89        15
       T1047       1.00      1.00      1.00        12
       T1048       0.89      1.00      0.94         8
       T1049       1.00      1.00      1.00         7
       T1053       1.00      0.91      0.95        11
       T1055       1.00      0.88      0.93         8
       T1056       1.00      1.00      1.00         6
       T1057       1.00      1.00      1.00        14
       T1059       1.00      0.64      0.78        11
       T1069       0.93      0.87      0.90        15
       T1070       0.62      0.71      0.67         7
       T1071       1.00      1.00      1.00        15
       T1072       1.00      1.00      1.00        10
       T1074       1.00      1.00      1.00        10
       T1078       0.89      1.00      0.94         8
       T1082       1.00      0.71      0.83        14
       T1083       1.00      0.80      0.89        10
       T1087       0.46      1.00      0.63         6
       T1090       0.83      0.71      0.77         7
       T1091       1.00      1.00      1.00        11
       T1095       1.00      1.00      1.00         9
       T1098       1.00      1.00      1.00         8
       T1105       1.00      0.86      0.92        14
       T1106       1.00      1.00      1.00        11
       T1110       1.00      1.00      1.00        14
       T1112       0.91      0.91      0.91        11
       T1113       1.00      1.00      1.00         7
       T1114       1.00      1.00      1.00        13
       T1115       1.00      1.00      1.00        10
       T1119       1.00      1.00      1.00        10
       T1120       1.00      1.00      1.00         7
       T1123       1.00      1.00      1.00         6
       T1124       0.92      1.00      0.96        12
       T1125       0.93      1.00      0.97        14
       T1127       1.00      1.00      1.00         9
       T1129       0.71      1.00      0.83        10
       T1132       1.00      1.00      1.00        10
       T1133       1.00      1.00      1.00         8
       T1134       1.00      1.00      1.00        15
       T1135       1.00      1.00      1.00         7
       T1136       1.00      1.00      1.00        12
       T1137       0.89      1.00      0.94         8
       T1140       1.00      0.85      0.92        13
       T1176       1.00      1.00      1.00        10
       T1187       1.00      1.00      1.00        10
       T1195       1.00      1.00      1.00        14
       T1197       1.00      1.00      1.00        13
       T1201       1.00      1.00      1.00        14
       T1202       1.00      1.00      1.00        14
       T1204       0.83      0.71      0.77        14
       T1207       1.00      1.00      1.00         7
       T1216       1.00      1.00      1.00         8
       T1217       1.00      1.00      1.00         8
       T1218       0.88      0.78      0.82         9
       T1219       0.86      1.00      0.92         6
       T1220       0.92      1.00      0.96        12
       T1221       1.00      1.00      1.00        13
       T1222       0.92      0.92      0.92        13
       T1482       1.00      1.00      1.00         9
       T1484       1.00      1.00      1.00         7
       T1485       1.00      1.00      1.00        10
       T1486       1.00      1.00      1.00        13
       T1489       0.92      1.00      0.96        12
       T1490       1.00      1.00      1.00        11
       T1491       1.00      1.00      1.00         7
       T1496       1.00      1.00      1.00         8
       T1497       1.00      1.00      1.00        11
       T1505       1.00      1.00      1.00        12
       T1518       1.00      0.92      0.96        12
       T1526       1.00      1.00      1.00        11
       T1528       1.00      1.00      1.00        10
       T1529       1.00      1.00      1.00        10
       T1530       1.00      1.00      1.00        17
       T1531       1.00      1.00      1.00        11
       T1539       1.00      1.00      1.00        14
       T1542       1.00      1.00      1.00        12
       T1543       0.92      1.00      0.96        11
       T1546       1.00      0.71      0.83         7
       T1547       0.73      0.89      0.80         9
       T1548       1.00      1.00      1.00         3
       T1550       1.00      0.89      0.94         9
       T1552       1.00      0.58      0.74        12
       T1553       0.75      1.00      0.86         3
       T1555       0.90      1.00      0.95         9
       T1556       1.00      1.00      1.00         5
       T1557       1.00      1.00      1.00        10
       T1558       0.91      0.91      0.91        11
       T1559       1.00      1.00      1.00         4
       T1560       0.88      1.00      0.93         7
       T1562       0.83      0.83      0.83         6
       T1563       1.00      1.00      1.00        15
       T1564       0.86      0.86      0.86         7
       T1566       1.00      0.83      0.91         6
       T1567       1.00      1.00      1.00         7
       T1569       0.88      1.00      0.93        14
       T1570       1.00      1.00      1.00        15
       T1571       0.38      0.38      0.38         8
       T1572       1.00      1.00      1.00         8
       T1573       0.94      1.00      0.97        17
       T1574       1.00      0.92      0.96        13
       T1578       1.00      1.00      1.00         7
       T1580       0.88      1.00      0.93         7
       T1592       1.00      1.00      1.00        17
       T1595       1.00      1.00      1.00        16
       T1606       1.00      1.00      1.00         7
       T1609       1.00      1.00      1.00         2
       T1610       1.00      1.00      1.00        12
       T1611       1.00      1.00      1.00         7
       T1612       1.00      1.00      1.00         8
       T1613       1.00      1.00      1.00        11
       T1614       1.00      0.86      0.92         7
       T1615       1.00      1.00      1.00        10
       T1619       1.00      1.00      1.00         5
       T1620       1.00      1.00      1.00        11
       T1622       1.00      1.00      1.00        13
       T1648       1.00      1.00      1.00         8
       T1649       1.00      1.00      1.00         7
       T1651       1.00      1.00      1.00         8
       T1652       1.00      1.00      1.00         9
       T1654       1.00      1.00      1.00         9

    accuracy                           0.95      1410
   macro avg       0.95      0.95      0.95      1410
weighted avg       0.96      0.95      0.96      1410
